ID	Punto	ID_ref	location	salinity	type	pH	CE	CO	CT	NT	Ca	K	Mg	Na	CICE	P	S	Cu	Fe	Mn	Zn	B	Arcilla	Limo	Arena	Textura	Salinity	NO3	NH4
1	1	VC1A	VC	N	mGenome	6.91	15.4	0.56	NA	0.26	5.49	1.39	6.48	15.3	28.6	120	244	3.79	132	47.5	2.11	2.6	43	42	16	ArL	NA	12.2	0
4	2	VC1B	VC	N	mGenome	7.48	15.4	0.4	NA	0.26	4.02	1.35	7.06	14.8	27.2	120	171	3.18	100	41.8	1.47	2.28	37	44	20	FArL	NA	2.72	3.42
8	3	VC1C	VC	N	mGenome	7.31	17.3	0.57	NA	0.23	3.94	1.36	7.16	14.9	27.4	120	93.2	3.77	105	31.9	2.23	2.35	39	40	22	FAr	NA	1.77	2.85
10	4	VC2A	VC	N	mGenome	7.43	5.98	0.55	NA	0.24	3.73	1.05	6.25	8.9	19.9	120	7.73	3.8	145	17.1	1.84	1.81	31	44	26	FAr	NA	0	0
13	5	VC2B	VC	N	mGenome	7.08	24.2	0.7	NA	0.18	3.41	1.64	7.05	28.2	40.3	88	273	5.81	164	50.4	3.39	4.78	49	28	24	Ar	NA	0	2.85
16	6	VC2C	VC	N	mGenome	6.97	16.6	0.79	NA	0.2	2.97	1.36	5.72	18.1	28.2	109	225	5.22	160	48.1	3.31	3.75	37	32	32	FAr	NA	0	2.67
17	7	VC3A	VC	N	mGenome	7.47	40.2	0.54	NA	0.24	7.11	1.69	14	37	59.8	120	533	3.72	174	128	1.89	3.99	51	29	20	Ar	NA	0	0
18	8	VC3B	VC	N	mGenome	7.56	43.6	0.48	NA	0.14	6.59	1.73	13.8	36.9	59	120	849	3.7	181	126	1.86	3.86	49	39	12	Ar	NA	0	3.2
19	9	VC3C	VC	N	mGenome	7.53	43.6	0.5	NA	0.23	5.14	1.79	14	39.1	60	120	523	3.66	151	102	1.91	3.66	49	41	10	ArL	NA	0	2.43
20	10	PNC1A	PC	N	mGenome	7.13	152.2	2.13	NA	0.25	7.14	1.97	19.8	73.6	102	43	1669	1.72	76.6	6.28	2.2	7.95	19	11	70	FA	NA	2.52	7.69
21	11	PNC1B	PC	N	mGenome	7.09	133.6	2.36	NA	0.26	8.44	2.07	23.1	83.9	118	39.3	1565	2.06	81.8	7.41	2.35	8	19	8	74	FA	NA	0.48	7.16
22	12	PNC1C	PC	N	mGenome	7.08	149.6	2.77	NA	0.25	9.17	2.18	24.2	88.2	124	41.7	1013	2.25	86.2	8.01	2.6	7.77	21	12	68	FA	NA	0	5.89
23	13	PNC2A	PC	N	mGenome	8.23	54.8	1.51	NA	0.12	12	0.73	5.59	22.2	40.5	12.4	228	0.25	54.4	2.42	483	4.51	45	22	34	Ar	NA	26.2	2.23
24	14	PNC2B	PC	N	mGenome	8.26	54	1.69	NA	0.13	10	0.71	5.61	18	34.3	27.6	128	0.18	20	1.94	559	4.27	3	14	84	FA	NA	22.1	1.88
25	15	PNC2C	PC	N	mGenome	8.36	55.6	1.35	NA	0.17	9.67	0.6	5.43	19.6	35.3	10.8	230	0.16	1.47	0.48	598	3.41	3	14	84	FA	NA	14.7	0
26	16	PNC3A	PC	N	mGenome	8.44	131.6	2.15	NA	0.19	13.5	1.42	15.3	57.5	87.8	21.6	798	0.47	45.3	3.99	196	5.06	7	36	58	FA	NA	18.7	0
27	17	PNC3B	PC	N	mGenome	8.46	130.4	1.76	NA	0.14	14.2	1.45	13.4	52.9	81.9	24.1	862	0.41	38.2	3.61	168	4.87	9	8	84	FA	NA	17.2	6.07
28	18	PNC3C	PC	N	mGenome	8.45	138.4	1.8	NA	0.14	12	1.27	11.4	42.1	66.7	23.1	735	0.42	36.6	3.57	186	3.21	7	6	88	A	NA	23.8	6.64
2A	19	VC4A	VC_M	M	mGenome	8.19	37.98	0.35	0.24	0.08	12.5	0.71	6.85	16.44	36.5	91.81	338	1.26	41.2	18.49	0.7	1.63	16	26	58	FA	14.61	NA	NA
2B	20	VC4b	VC_M	M	mGenome	7.69	34.28	0.4	0.33	0.05	6.23	0.55	5.25	7.97	19.99	116	194	2.19	77.5	28.42	1.37	2.11	16	50	34	FL	14.61	NA	NA
2C	21	VC4C	VC_M	M	mGenome	8.03	46.2	0.47	0.39	0.05	13.46	0.8	7.85	21.13	43.25	101.08	463	2.53	54.1	27.86	0.92	1.95	18	44	38	F	14.61	NA	NA
3A	22	VC5A	VC_L	L	mGenome	7.8	19.28	0.63	0.82	0.04	5.54	0.53	4.92	7.53	18.52	102.19	189	2.28	75.2	25.53	1.35	2.09	16	22	62	FA	2.8	NA	NA
3B	23	VC5B	VC_L	L	mGenome	8.06	31.88	0.47	0.43	0.08	5.17	0.53	4.5	9.55	19.75	100.12	222	1.4	62.4	26.6	1.2	2.36	8	28	64	FA	2.8	NA	NA
3C	24	VC5C	VC_L	L	mGenome	7.76	21.54	0.69	0.81	0.13	5.55	0.51	4.95	8.41	19.42	88.73	180	1.37	98.9	34.76	1.27	2.33	14	34	52	F	2.8	NA	NA
4A	25	VC6A	VC_H	H	mGenome	8.46	71.2	0.22	0.1	0.1	9.34	0.73	6.29	26.91	43.27	74.72	294	0.98	42.2	12.4	0.61	1.94	16	28	56	FA	61.52	NA	NA
4B	26	VC6B	VC_H	H	mGenome	8.45	53.2	0.21	0.1	0.01	8.97	0.73	6.75	24.96	41.41	76.02	291	1.05	40.2	6.99	0.54	2.17	14	28	58	FA	61.52	NA	NA
4C	27	VC6C	VC_H	H	mGenome	8.39	52.4	0.24	0.18	0.05	8.81	0.65	5.94	21.74	37.14	86.11	238	1.05	43.9	14.55	0.84	2.28	16	22	62	FA	61.52	NA	NA
MmtII1	28	VC3A	VC	N	mTranscrip	7.47	40.2	0.54	NA	0.24	7.11	1.69	14	37	59.8	120	533	3.72	174	128	1.89	3.99	51	29	20	Ar	NA	0	0
MmtII2	29	VC3B	VC	N	mTranscrip	7.56	43.6	0.48	NA	0.14	6.59	1.73	13.8	36.9	59	120	849	3.7	181	126	1.86	3.86	49	39	12	Ar	NA	0	3.2
MmtII3	30	VC3C	VC	N	mTranscrip	7.53	43.6	0.5	NA	0.23	5.14	1.79	14	39.1	60	120	523	3.66	151	102	1.91	3.66	49	41	10	ArL	NA	0	2.43